0.0 1.0
0.25881904510252074 0.9659258262890683
0.5 0.8660254037844386
0.7071067811865476 0.7071067811865476
0.8660254037844386 0.5
0.9659258262890683 0.25881904510252074
1.0 0.0
0.9659258262890683 -0.25881904510252074
0.8660254037844386 -0.5
0.7071067811865476 -0.7071067811865476
0.5 -0.8660254037844386
0.25881904510252074 -0.9659258262890683
0.0 -1.0
-0.25881904510252074 -0.9659258262890683
-0.5 -0.8660254037844386
-0.7071067811865476 -0.7071067811865476
-0.8660254037844386 -0.5
-0.9659258262890683 -0.25881904510252074
-1.0 0.0
-0.9659258262890683 0.25881904510252074
-0.8660254037844386 0.5
-0.7071067811865476 0.7071067811865476
-0.5 0.8660254037844386
-0.25881904510252074 0.9659258262890683


